AO-07                   
1 07530U 74089B   16132.90829428 -.00000022  00000-0  13661-3 0  9993
2 07530 101.5714 104.5526 0012271  23.4715  41.1715 12.53621192898572
FO-29                   
1 24278U 96046B   16133.75016523 -.00000010  00000-0  29098-4 0  9995
2 24278  98.5849  63.5984 0349388 294.4725  62.0350 13.53067478974720
RS-22                   
1 27939U 03042A   16133.71521350  .00000393  00000-0  79290-4 0  9993
2 27939  97.8848 286.7679 0014428  61.7928 298.4727 14.66393024674625
HO-68                   
1 36122U 09072B   16133.71586836 -.00000059  00000-0 -43517-4 0  9990
2 36122 100.1461 171.0048 0008191  79.9183 280.2851 13.16333996307949
AO-73                   
1 39444U 13066AE  16133.15099261  .00000873  00000-0  11577-3 0  9999
2 39444  97.6841 188.1242 0060134 137.7047 222.8826 14.81021131132244
EO-79                   
1 40025U 14033R   16133.68776384  .00000701  00000-0  82476-4 0  9994
2 40025  97.9310  39.1536 0012616 174.2230 185.9134 14.87972841102920
XW-2A                   
1 40903U 15049E   16133.89017686  .00005648  00000-0  16221-3 0  9992
2 40903  97.4467 148.6163 0013994 260.1736 219.2000 15.36165390 36131
XW-2C                   
1 40906U 15049H   16133.88884441  .00002773  00000-0  15813-3 0  9997
2 40906  97.4530 141.7295 0016183 153.2344 324.6271 15.13488725 35668
LILACSAT-2              
1 40908U 15049K   16133.74416822  .00001505  00000-0  89938-4 0  9990
2 40908  97.4600 141.5108 0017318 148.4545 332.4948 15.12479768 35629
XW-2E                   
1 40909U 15049L   16133.72582606  .00003633  00000-0  20098-3 0  9998
2 40909  97.4523 141.7763 0015259 156.6153 292.0429 15.14390578 35652
UO-11                   
1 14781U 84021B   16133.73989817  .00000251  00000-0  37407-4 0  9995
2 14781  97.7527 186.8218 0009986  74.2266 286.0049 14.82734982731001
LO-19                   
1 20442U 90005G   16132.82239383  .00000044  00000-0  32224-4 0  9992
2 20442  98.5419  68.2736 0010601 252.5317 107.4708 14.32814365374148
AO-27                   
1 22825U 93061C   16133.11942940  .00000038  00000-0  32275-4 0  9996
2 22825  98.7562  89.1496 0009498  66.4050 293.8128 14.29953598180081
IO-26                   
1 22826U 93061D   16133.45186105  .00000050  00000-0  36685-4 0  9990
2 22826  98.7506  89.6121 0009944  57.5153 302.6988 14.30277957180297
GO-32                   
1 25397U 98043D   16133.08468484  .00000018  00000-0  26769-4 0  9999
2 25397  98.5645  78.9689 0002465  87.0681 273.0780 14.23593123926725
NO-44                   
1 26931U 01043C   16133.88782216  .00000028  00000-0  42642-4 0  9997
2 26931  67.0528  43.9774 0007185 263.4998  96.5285 14.30405550763094
SO-50                   
1 27607U 02058C   16133.70943482  .00000290  00000-0  61999-4 0  9997
2 27607  64.5552 269.2375 0071583 224.4483 135.0862 14.75144584720036
CO-55                   
1 27844U 03031E   16132.93313890  .00000109  00000-0  69083-4 0  9991
2 27844 098.6931 141.7397 0010895 070.4599 289.7755 14.21944898667251
CO-57                   
1 27848U 03031J   16132.89631282  .00000091  00000-0  61585-4 0  9997
2 27848 098.7027 141.7776 0010846 078.1494 282.0899 14.21571884667153
CO-65                   
1 32785U 08021C   16133.71983992  .00000623  00000-0  74254-4 0  9995
2 32785  97.6059 169.4058 0014550  58.4808 301.7828 14.87534699435359
PRISM                   
1 33493U 09002B   16133.72914874  .00001502  00000-0  14346-3 0  9998
2 33493  98.2208 352.1475 0015324 328.8637  31.1677 14.94857124395931
TISAT-1                 
1 36799U 10035E   16133.85804473  .00001248  00000-0  13615-3 0  9990
2 36799  98.0269 243.5993 0012299 195.6866 164.3971 14.89753475316160
ALMASAT-1               
1 38078U 12006B   16132.95917726  .00021259  34668-5  30233-3 0  9999
2 38078 069.4466 115.6658 0391166 154.2269 207.8959 15.01050111224148
DUCHIFAT-1              
1 40021U 14033M   16133.74096718  .00001063  00000-0  11817-3 0  9995
2 40021  97.9339  40.1996 0013181 172.7714 187.3695 14.89246195102989
NANOSATCBR1             
1 40024U 14033Q   16133.70785352  .00000908  00000-0  10330-3 0  9999
2 40024  97.9314  39.6097 0012482 172.5482 187.5922 14.88663622102952
DTUSAT-2                
1 40030U 14033W   16133.72769112  .00000698  00000-0  82875-4 0  9994
2 40030  97.9289  38.6753 0012241 167.4245 192.7278 14.87604954102900
ANTELSAT                
1 40034U 14033AA  16133.84796123  .00000746  00000-0  11977-3 0  9991
2 40034  97.9084  23.0565 0060189 138.0368 222.5473 14.73356301101970
MET-2/21                
1 22782U 93055A   16133.66436557  .00000006  00000-0 -86446-5 0  9999
2 22782  82.5486 341.4280 0023669 112.9554 308.5237 13.83787799146305
NOAA-15                 
1 25338U 98030A   16133.50146488  .00000072  00000-0  49390-4 0  9999
2 25338  98.7831 137.5795 0009488 292.2377  67.7796 14.25723709935905
NOAA-18                 
1 28654U 05018A   16133.49783291  .00000038  00000-0  45764-4 0  9997
2 28654  99.1976 139.5010 0015334 113.4837 246.7947 14.12283489565692
NOAA-19                 
1 33591U 09005A   16133.51740717  .00000138  00000-0  10004-3 0  9991
2 33591  99.0370  90.0040 0013382 323.5805  36.4454 14.12070896374106
HUBBLE                  
1 20580U 90037B   16133.82543981  .00000798  00000-0  38812-4 0  9998
2 20580  28.4690 132.2339 0002777 183.5240 196.4447 15.08346941229767
ISS                     
1 25544U 98067A   16133.73910976  .00008193  00000-0  12878-3 0  9996
2 25544  51.6441 234.8623 0002754 119.2388 339.6420 15.54576296999465
CO-58                   
1 28895U 05043F   16132.44156025  .00000406  00000-0  87493-4 0  9999
2 28895 097.8306 308.2316 0016344 339.8366 020.2189 14.63180660561735
CAPE1                   
1 31130U 07012P   16133.31985920  .00000479  00000-0  11267-3 0  9999
2 31130  98.0299  90.1103 0097034   8.6175 351.6662 14.55912221480914
AAUSAT2                 
1 32788U 08021F   16133.66000131  .00001484  00000-0  14737-3 0  9992
2 32788  97.6068 177.6994 0012989  35.9897 324.2195 14.93143913435892
DO-64                   
1 32789U 08021G   16133.71537398  .00003676  00000-0  27685-3 0  9990
2 32789  97.6082 193.5594 0013427  26.6608 333.5305 15.03051719436674
CO-66                   
1 32791U 08021J   16133.65779699  .00000973  00000-0  10703-3 0  9998
2 32791  97.6066 172.3876 0014786  49.0328 311.2167 14.89719887435504
RS-30                   
1 32953U 08025A   16133.70938888  .00000010  00000-0 -13620-7 0  9993
2 32953  82.4998 128.7160 0020435  79.6509 280.6874 12.43069399361673
JUGNU                   
1 37839U 11058B   16132.07645876  .00000356  00000-0  48238-4 0  9994
2 37839  19.9623   8.5700 0018945  71.5819  77.1204 14.12539079236777
SRMSAT                  
1 37841U 11058D   16133.12192159  .00000333  00000-0  38109-4 0  9996
2 37841  19.9729  35.6747 0011757 356.4108 150.1563 14.10538356236594
AO-71                   
1 37854U 11061E   16132.80034487  .00003080  00000-0  17797-3 0  9998
2 37854 101.7080 157.0379 0173989 181.0879 178.9977 15.01957850246639
HRBE                    
1 37855U 11061F   16133.72670486  .00002544  00000-0  14566-3 0  9991
2 37855 101.7220 156.5283 0187547 182.3467 177.6881 15.00879209246670
HORYU-2                 
1 38340U 12025D   16133.89706986  .00000603  00000-0  97698-4 0  9997
2 38340  98.3531 118.3235 0012868 121.0554 239.1919 14.74996983214275
RS-40                   
1 38735U 12041C   16133.71679634  .00000040  00000-0  21992-3 0  9991
2 38735  82.4792 213.8775 0017051 176.6802 183.4396 12.42572592171964
BEESAT-3                
1 39134U 13015E   16133.09425432  .00003641  00000-0  19980-3 0  9997
2 39134  64.8717  79.0534 0008037 270.7666  89.2538 15.15761681168646
BEESAT-2                
1 39136U 13015G   16133.31121725  .00002880  00000-0  17061-3 0  9994
2 39136  64.8720  83.9763 0007600 265.9926  94.0330 15.13470926168573
ZACUBE-1                
1 39417U 13066B   16133.72545900  .00000652  00000-0  89482-4 0  9994
2 39417  97.6830 188.1075 0060882 137.6529 222.9406 14.80361168133523
TRITON-1                
1 39427U 13066M   16133.62553646  .00000413  00000-0  74626-4 0  9999
2 39427  97.6704 169.1919 0114662 190.3492 169.5352 14.67160235132309
GOMX-1                  
1 39430U 13066Q   16133.78796667  .00000530  00000-0  10649-3 0  9996
2 39430  97.6716 157.4221 0151170 226.9010 131.9451 14.58569311131567
LO-74                   
1 39440U 13066AA  16132.72559907  .00000662  00000-0  10018-3 0  9990
2 39440  97.6771 179.6680 0081840 160.7622 199.6709 14.75123737132907
SPROUT                  
1 39770U 14029E   16133.79613851  .00002068  00000-0  24681-3 0  9996
2 39770  97.8697 231.4299 0009429 189.3108 170.7896 14.85302605106681
EO-80                   
1 40032U 14033Y   16133.68493363  .00000716  00000-0  84953-4 0  9993
2 40032  97.9296  38.6425 0012186 167.9195 192.2315 14.87537906102890
VELOX-1                 
1 40057U 14034E   16133.82889342  .00001062  00000-0  15945-3 0  9992
2 40057  98.1940 222.0999 0009494 259.4444 100.5692 14.76667698100666
DAURIA DX 1             
1 40071U 14037C   16133.86735938  .00000488  00000-0  70704-4 0  9992
2 40071  98.3306 223.4140 0007131 259.0873 100.9529 14.80799221 99721
UKUBE-1                 
1 40074U 14037F   16133.78984689  .00001123  00000-0  14519-3 0  9993
2 40074  98.3344 225.3189 0003202 263.6595  96.4244 14.83035263 99823
HODOYOSHI-1             
1 40299U 14070B   16133.74923311  .00002786  00000-0  12760-3 0  9992
2 40299  97.4299 216.0937 0015369  59.7754  56.6182 15.21225744 84042
CHUBUSAT-1              
1 40300U 14070C   16133.72805681  .00003124  00000-0  14848-3 0  9998
2 40300  97.4258 214.4026 0022934  64.4920  51.7629 15.19724920 83942
QSAT-EOS                
1 40301U 14070D   16133.83751484  .00005972  00000-0  26991-3 0  9997
2 40301  97.4205 213.8046 0030880  63.7423  31.1339 15.20887285 83934
FIREBIRD FU3            
1 40377U 15003B   16133.80394008  .00003564  00000-0  16551-3 0  9995
2 40377  99.0831 233.9316 0144081 246.3886 112.2156 15.12151788 70436
FIREBIRD FU4            
1 40378U 15003C   16133.80053326  .00003355  00000-0  15594-3 0  9995
2 40378  99.0832 233.9407 0144321 246.3410 112.2612 15.12159460 70431
GRIFEX                  
1 40379U 15003D   16133.82857558  .00003352  00000-0  16180-3 0  9996
2 40379  99.0840 233.2364 0148050 249.6030 108.9241 15.10487957 70391
NO-84                   
1 40654U 15025D   16133.49902101  .00012176  00000-0  26839-3 0 01161
2 40654 054.9994 215.9820 0210165 345.3889 014.0850 15.24420873018590
NO-83                   
1 40655U 15025E   16133.32461101  .00017229  00000-0  34776-3 0 01268
2 40655 054.9886 211.5597 0194698 346.8899 012.6466 15.28853482018613
DEORBITSAIL             
1 40719U 15032E   16132.94130920  .00001129  00000-0  17317-3 0  9998
2 40719 098.0213 024.8843 0016873 358.7395 001.3769 14.75487072045145
NUDT-PHONESAT           
1 40900U 15049B   16133.75739382  .00006736  00000-0  34748-3 0  9991
2 40900  97.4451 142.1184 0015089 172.3386 305.7838 15.16569456 35706
XW-2D                   
1 40907U 15049J   16133.81876656  .00002968  00000-0  16890-3 0  9992
2 40907  97.4501 141.5521 0015492 151.7910 293.0557 15.13522594 35659
XW-2F                   
1 40910U 15049M   16133.79724860  .00003634  00000-0  20358-3 0  9997
2 40910  97.4528 141.6796 0016723 151.5542 296.8380 15.13925611 35544
XW-2B                   
1 40911U 15049N   16133.88397924  .00002945  00000-0  16764-3 0  9995
2 40911  97.4545 141.7652 0015397 151.5070 293.1825 15.13508430 35560
DCBB                    
1 40912U 15049P   16133.84224846  .00004041  00000-0  21404-3 0  9990
2 40912  97.4524 142.3912 0017392 148.1408 294.1117 15.15848554 35604
TW-1C                   
1 40926U 15051B   16133.76568291  .00014555  00000-0  41783-3 0  9997
2 40926  97.2778 171.0792 0014923 168.0251 297.3277 15.35841728 35326
TW-1A                   
1 40928U 15051D   16133.90607816  .00006822  00000-0  21610-3 0  9997
2 40928  97.2726 170.5725 0013980 185.3469 298.8698 15.32958844 35313
IO-86                   
1 40931U 15052B   16133.75042733  .00000911  00000-0  38033-4 0  9997
2 40931   5.9986 207.7570 0013743 336.6875  23.2664 14.76458215 33686
GomX-3                  
1 40949U 98067HA  16133.45582099  .00042675  00000-0  27587-3 0  9998
2 40949  51.6329 218.8590 0003756  58.0990 302.0374 15.75630621 34427
LQSat                   
1 40958U 15057A   16133.71294440  .00000265  00000-0  49217-4 0  9999
2 40958  98.0157 209.0714 0016693 268.4650  91.4644 14.72859305 32161
AO-85                   
1 40967U 15058D   16124.23807745  .00000393  00000-0  59562-4 0 01173
2 40967 064.7795 022.1316 0208714 219.3847 139.1944 14.74952774016645
ATHENOXAT-1             
1 41168U 15077C   16133.76285090  .00005166  00000-0  27005-3 0  9996
2 41168  14.9814 210.9157 0012606 235.5298 213.8910 15.09799480 22395
ChubuSat-2              
1 41338U 16012B   16133.43712657  .00000973  00000-0  70834-4 0  9993
2 41338  31.0022 136.7519 0014050  52.9531 307.2386 14.99354083 12789
ChubuSat-3              
1 41339U 16012C   16133.68995812  .00000948  00000-0  68412-4 0  9998
2 41339  31.0083 134.9786 0013962  61.1750 299.0284 14.99586200 12793
Horyu-4                 
1 41340U 16012D   16132.40658981  .00001571  00000-0  11658-3 0  9994
2 41340 031.0040 142.8228 0014426 052.8499 307.3452 14.99965128012622
OUFTI-1                 
1 41458U 16025C   16133.01726196  .00003644  00000-0  21041-3 0  9990
2 41458  98.2192 141.4296 0176396 187.9826 171.8578 15.00815782  2359
SatX                    
1 41459U 16025D   16133.55046140  .00001019  00000-0  57295-4 0  9999
2 41459  98.2213 141.9906 0177105 186.0304 173.9380 15.00830091  2441
AAUSAT4                 
1 41460U 16025E   16133.61691500  .00005067  00000-0  28946-3 0  9991
2 41460  98.2174 142.0677 0176867 185.8436 174.0665 15.00880142  2443
