2457521.0247337963 2310.3027306059594
2457521.0247453703 2307.3872020104072
2457521.0247569443 2304.5491144249504
2457521.0247685187 2301.510314137306
2457521.0247800928 2298.5489443191977
2457521.024791667 2295.57216518471
2457521.024803241 2292.579911977004
2457521.024814815 2289.5721196916456
2457521.024826389 2286.5487231636375
2457521.024837963 2283.5096570897904
2457521.024849537 2280.546544578699
2457521.0248611113 2277.384130137415
2457521.0248726853 2274.2976610512246
2457521.0248842593 2271.195259435172
2457521.0248958333 2268.076859165544
2457521.0249074074 2264.942393868376
2457521.0249189814 2261.791797217316
2457521.0249305554 2258.7158105849458
2457521.02494213 2255.4418145985974
2457521.024953704 2252.2424228580476
2457521.024965278 2249.026632270362
2457521.024976852 2245.79437584347
2457521.024988426 2242.5455862150134
2457521.025 2239.280195899944
2457521.025011574 2235.998137312225
2457521.025023148 2232.7891051565193
2457521.0250347224 2229.3836105708797
2457521.0250462964 2226.0511395997937
2457521.0250578704 2222.7017288089237
2457521.0250694444 2219.335309767128
2457521.0250810185 2215.951814309022
2457521.0250925925 2212.551173848662
2457521.0251041665 2209.2221317464778
2457521.025115741 2205.698045308605
2457521.025127315 2202.2455575464855
2457521.025138889 2198.7756500352716
2457521.025150463 2195.288253675887
2457521.025162037 2191.7832995036847
2457521.025173611 2188.2607183267965
2457521.025185185 2184.7204409343085
2457521.025196759 2181.250081569608
2457521.0252083335 2177.5863757167117
2457521.0252199075 2173.992592583088
2457521.0252314815 2170.380835440349
2457521.0252430555 2166.751034669422
2457521.0252546296 2163.103120608936
2457521.0252662036 2159.4370235215574
2457521.0252777776 2155.8393323271953
2457521.025289352 2152.049851506638
2457521.025300926 2148.328785600195
2457521.0253125 2144.5892570602214
2457521.025324074 2140.831196085603
2457521.025335648 2137.0545325317344
2457521.025347222 2133.259196470159
2457521.025358796 2129.5307155344985
2457521.0253703706 2125.612071839284
2457521.0253819446 2121.760296950676
2457521.0253935186 2117.889569107491
2457521.0254050926 2113.999818286928
2457521.0254166666 2110.0909743550137
2457521.0254282407 2106.1629671948253
2457521.0254398147 2102.2157267645175
2457521.0254513887 2098.333522421556
2457521.025462963 2094.2631048089634
2457521.025474537 2090.2577432535313
2457521.025486111 2086.232868215196
2457521.025497685 2082.1884097984994
2457521.025509259 2078.1242979248323
2457521.025520833 2074.0404629932827
2457521.025532407 2070.020032626388
2457521.0255439817 2065.8131778692973
2457521.0255555557 2061.669753869803
2457521.0255671297 2057.506327829209
2457521.0255787037 2053.322830257778
2457521.0255902777 2049.1191916380894
2457521.0256018518 2044.8953427127221
2457521.0256134258 2040.651214212295
2457521.025625 2036.4685816074323
2457521.0256365743 2032.101669289894
2457521.0256481483 2027.7962868548302
2457521.0256597223 2023.470349049457
2457521.0256712963 2019.1237872010163
2457521.0256828703 2014.756532873938
2457521.0256944443 2010.3685175095181
2457521.0257060183 2006.040290612877
2457521.025717593 2001.5297530354303
2457521.025729167 1997.0790456802858
2457521.025740741 1992.6073057417723
2457521.025752315 1988.1144655842454
2457521.025763889 1983.6004579990424
2457521.025775463 1979.0652158257813
2457521.025787037 1974.588021484934
2457521.0257986113 1969.9305760188352
2457521.0258101854 1965.3312288396494
2457521.0258217594 1960.7103810000715
2457521.0258333334 1956.0679663863552
2457521.0258449074 1951.403919350936
2457521.0258564814 1946.718174334389
2457521.0258680554 1942.0106663092488
2457521.0258796294 1937.3591780484396
2457521.025891204 1932.5299098833084
2457521.025902778 1927.7567233742727
2457521.025914352 1922.9615158077142
2457521.025925926 1918.144223616053
2457521.0259375 1913.3047832715738
2457521.025949074 1908.4431317977833
2457521.025960648 1903.6356945971256
2457521.0259722224 1898.6527471931697
2457521.0259837965 1893.724086621348
2457521.0259953705 1888.7729660877146
2457521.0260069445 1883.7993245810442
2457521.0260185185 1878.803101125103
2457521.0260300925 1873.78423518592
2457521.0260416665 1868.7426668381052
2457521.0260532405 1863.7532162568918
2457521.026064815 1858.590979586344
2457521.026076389 1853.4809470044745
2457521.026087963 1848.3479759776396
2457521.026099537 1843.192008967606
2457521.026111111 1838.0129883298373
2457521.026122685 1832.810857397339
2457521.026134259 1827.6589840597774
2457521.0261458335 1822.3368276362705
2457521.0261574076 1817.065028408734
2457521.0261689816 1811.769896306925
2457521.0261805556 1806.4513772104578
2457521.0261921296 1801.1094171838695
2457521.0262037036 1795.7439633686733
2457521.0262152776 1790.3549628742712
2457521.0262268516 1785.014068900974
2457521.026238426 1779.5058957450415
2457521.02625 1774.0459451296724
2457521.026261574 1768.5622436547494
2457521.026273148 1763.0547416867396
2457521.026284722 1757.5233904575891
2457521.026296296 1751.9681417553397
2457521.02630787 1746.4590984069623
2457521.0263194446 1740.7855363188012
2457521.0263310187 1735.1583115090425
2457521.0263425927 1729.5070032435
2457521.0263541667 1723.8315666022713
2457521.0263657407 1718.1319578183936
2457521.0263773147 1712.4081334974055
2457521.0263888887 1706.7285998985142
2457521.026400463 1700.8874364830185
2457521.026412037 1695.0907129790082
2457521.026423611 1689.2696085987097
2457521.026435185 1683.424084267088
2457521.0264467592 1677.5541014660882
2457521.0264583332 1671.6596224428129
2457521.0264699073 1665.740610540166
2457521.0264814813 1659.8636891080232
2457521.0264930557 1653.8286045811767
2457521.0265046298 1647.8357810187986
2457521.026516204 1641.8182861439252
2457521.026527778 1635.776087780112
2457521.026539352 1629.7091545123064
2457521.026550926 1623.6174559227059
2457521.0265625 1617.565916708895
2457521.0265740743 1611.3593983555797
2457521.0265856483 1605.1932300079307
2457521.0265972223 1599.0021844517603
2457521.0266087963 1592.7862362225212
2457521.0266203703 1586.5453609102751
2457521.0266319443 1580.2795351202733
2457521.0266435184 1573.988736611592
2457521.0266550924 1567.7358893511978
2457521.026666667 1561.3318816246833
2457521.026678241 1554.9660407855515
2457521.026689815 1548.575148719341
2457521.026701389 1542.1591888384298
2457521.026712963 1535.7181453478129
2457521.026724537 1529.2520038928849
2457521.026736111 1522.8218859914389
2457521.0267476854 1516.2441122988741
2457521.0267592594 1509.7026008671983
2457521.0267708334 1503.1359453678074
2457521.0267824074 1496.5441374896163
2457521.0267939814 1489.9271699726062
2457521.0268055554 1483.285036954192
2457521.0268171295 1476.677008448144
2457521.026828704 1469.9249870001452
2457521.026840278 1463.207333484377
2457521.026851852 1456.4645035966644
2457521.026863426 1449.696497969287
2457521.026875 1442.9033183717384
2457521.026886574 1436.0849683698036
2457521.026898148 1429.2414525229754
2457521.026909722 1422.4298651247304
2457521.0269212965 1415.4786709769648
2457521.0269328705 1408.5596986001033
2457521.0269444445 1401.61559314455
2457521.0269560185 1394.6463664428836
2457521.0269675925 1387.6520315853734
2457521.0269791665 1380.632603432226
2457521.0269907406 1373.6432201193916
2457521.027002315 1366.5182483944614
2457521.027013889 1359.4236424083674
2457521.027025463 1352.3040168270607
2457521.027037037 1345.1593940608848
2457521.027048611 1337.9897978990152
2457521.027060185 1330.7952537865106
2457521.027071759 1323.5757885751668
2457521.027083333 1316.3842453336922
2457521.0270949076 1309.0619181430782
2457521.0271064816 1301.7678668202602
2457521.0271180556 1294.4490185043612
2457521.0271296296 1287.1054081423356
2457521.0271412036 1279.7370725919245
2457521.0271527776 1272.3440501984417
2457521.0271643517 1264.9771238046708
2457521.027175926 1257.4838069461002
2457521.0271875 1250.0169702083042
2457521.027199074 1242.525617197141
2457521.027210648 1235.0097946905921
2457521.027222222 1227.4695514199486
2457521.027233796 1219.9049376357414
2457521.02724537 1212.3160056638362
2457521.027256944 1204.7511249539962
2457521.0272685187 1197.0650964257377
2457521.0272800927 1189.4035392726473
2457521.0272916667 1181.717890119708
2457521.0273032407 1174.008210244344
2457521.0273148147 1166.2745623834248
2457521.0273263888 1158.5170113912336
2457521.0273379628 1150.7817649100252
2457521.0273495372 1142.9301535448792
2457521.0273611112 1135.1012989771639
2457521.0273726853 1127.2488185005368
2457521.0273842593 1119.372786445486
2457521.0273958333 1111.4732783714019
2457521.0274074073 1103.5503722378958
2457521.0274189813 1095.6480673677124
2457521.027430556 1087.6343650372062
2457521.02744213 1079.6417493174404
2457521.027453704 1071.626065392985
2457521.027465278 1063.587400932195
2457521.027476852 1055.5258448396337
2457521.027488426 1047.4414884710245
2457521.0275 1039.3344249174788
2457521.027511574 1031.24607402476
2457521.0275231483 1023.0522297177744
2457521.0275347224 1014.8776215388959
2457521.0275462964 1006.6806980491413
2457521.0275578704 998.4615621154672
2457521.0275694444 990.2203183539509
2457521.0275810184 981.957073887415
2457521.0275925924 973.7109442644437
2457521.027604167 965.3646843748036
2457521.027615741 957.0360966724078
2457521.027627315 948.6859549346806
2457521.027638889 940.3143758552156
2457521.027650463 931.9214779296553
2457521.027662037 923.5073819495558
2457521.027673611 915.0722102691193
2457521.027685185 906.65239355369
2457521.0276967594 898.1387992820586
2457521.0277083335 889.6411554493855
2457521.0277199075 881.1229462466578
2457521.0277314815 872.5843040984705
2457521.0277430555 864.0253635012104
2457521.0277546295 855.4462606899751
2457521.0277662035 846.8810325766996
2457521.027777778 838.2277774679383
2457521.027789352 829.5890258722097
2457521.027800926 820.9306775863861
2457521.0278125 812.25287878928
2457521.027824074 803.5557776581915
2457521.027835648 794.8395243593852
2457521.027847222 786.1042708140029
2457521.027858796 777.3812702017958
2457521.0278703705 768.5770279556126
2457521.0278819446 759.7857048958757
2457521.0278935186 750.9760091321061
2457521.0279050926 742.1481024153285
2457521.0279166666 733.3021482454656
2457521.0279282406 724.4383121131762
2457521.0279398146 715.585371526529
2457521.027951389 706.6573064045834
2457521.027962963 697.7408348569252
2457521.027974537 688.8071617454336
2457521.027986111 679.8564618117448
2457521.027997685 670.8889116174823
2457521.028009259 661.9046895905434
2457521.028020833 652.9300630023844
2457521.0280324076 643.886589173291
2457521.0280439816 634.853439082373
2457521.0280555557 625.804348558
2457521.0280671297 616.7395049382136
2457521.0280787037 607.6590970800745
2457521.0280902777 598.563315874786
2457521.0281018517 589.4523537245981
2457521.0281134257 580.349569463523
2457521.028125 571.1852968251291
2457521.028136574 562.0299627587567
2457521.028148148 552.860234378839
2457521.028159722 543.6763123991539
2457521.028171296 534.4783991813899
2457521.0281828702 525.2666987433407
2457521.0281944443 516.0619927840148
2457521.0282060187 506.8023876331118
2457521.0282175927 497.55056422921564
2457521.0282291668 488.2857849667177
2457521.0282407408 479.0082615437688
2457521.028252315 469.7182068865347
2457521.028263889 460.41583591368965
2457521.028275463 451.10136430729267
2457521.028287037 441.7925959972965
2457521.0282986113 432.43661488870345
2457521.0283101853 423.0871515205916
2457521.0283217593 413.7264657004499
2457521.0283333333 404.3547801526582
2457521.0283449073 394.97231918417464
2457521.0283564813 385.57930819178006
2457521.0283680554 376.19091939603754
2457521.02837963 366.7621652735566
2457521.028391204 357.33886884546536
2457521.028402778 347.90593652406216
2457521.028414352 338.4635997206359
2457521.028425926 329.0120910295338
2457521.0284375 319.55164419981435
2457521.028449074 310.0947789046989
2457521.0284606484 300.604494475641
2457521.0284722224 291.118645509346
2457521.0284837964 281.6248036409223
2457521.0284953704 272.12320773413006
2457521.0285069444 262.6140973888741
2457521.0285185184 253.09771340738524
2457521.0285300924 243.57429729459838
2457521.0285416665 234.0533160680955
2457521.028553241 224.50695526440543
2457521.028564815 214.9639001265442
2457521.028576389 205.41478745817352
2457521.028587963 195.85986248503787
2457521.028599537 186.29937170186815
2457521.028611111 176.7335618361534
2457521.028622685 167.16921350609604
2457521.0286342595 157.5865907533382
2457521.0286458335 148.00631169059525
2457521.0286574075 138.42170740479096
2457521.0286689815 128.83302796485708
2457521.0286805555 119.24052352078088
2457521.0286921295 109.64444505038067
2457521.0287037035 100.04504374740168
2457521.0287152776 90.44601686936652
2457521.028726852 80.8368931979671
2457521.028738426 71.229034645505
2457521.02875 61.61886200008622
2457521.028761574 52.006628354284835
2457521.028773148 42.3925865944923
2457521.028784722 32.776990334386475
2457521.028796296 23.16083148169245
2457521.0288078706 13.541761592900928
2457521.0288194446 3.923023790751907
2457521.0288310186 -5.696253666115705
2457521.0288425926 -15.315816399531741
2457521.0288541666 -24.93541075905538
2457521.0288657406 -34.55478251246095
2457521.0288773146 -44.1736779109778
2457521.0288888887 -53.794200696575054
2457521.028900463 -63.40941077467812
2457521.028912037 -73.02535405670933
2457521.028923611 -82.63980610946685
2457521.028935185 -92.25251390039327
2457521.028946759 -101.86322428442767
2457521.028958333 -111.47168458468319
2457521.028969907 -121.08270694225855
2457521.0289814817 -130.6812318318806
2457521.0289930557 -140.2814286787944
2457521.0290046297 -149.878367655265
2457521.0290162037 -159.47179821422083
2457521.0290277777 -169.06146971247506
2457521.0290393517 -178.64713219072055
2457521.0290509257 -188.23630217205766
2457521.0290625 -197.80581838283186
2457521.0290740742 -207.37795950074175
2457521.0290856482 -216.9450972853803
2457521.0290972223 -226.50698474770996
2457521.0291087963 -236.06337551458336
2457521.0291203703 -245.61402387059994
2457521.0291319443 -255.15868507258452
2457521.0291435183 -264.7079561062446
2457521.029155093 -274.229452756692
2457521.029166667 -283.75468989479725
2457521.029178241 -293.2729678463949
2457521.029189815 -302.7840458267499
2457521.029201389 -312.28768385681155
2457521.029212963 -321.78364309230864
2457521.029224537 -331.28520427870404
2457521.0292361113 -340.751954876766
2457521.0292476853 -350.22345282033183
2457521.0292592593 -359.6863257316075
2457521.0292708334 -369.140339831637
2457521.0292824074 -378.58526211481507
2457521.0292939814 -388.0208610797173
2457521.0293055554 -397.44690603259676
2457521.0293171294 -406.87972641190777
2457521.029328704 -416.2697959475235
2457521.029340278 -425.66580722163343
2457521.029351852 -435.05135426704766
2457521.029363426 -444.4262127059393
2457521.029375 -453.7901593911548
2457521.029386574 -463.1429724615796
2457521.029398148 -472.5036289734515
2457521.0294097224 -481.8146926184384
2457521.0294212964 -491.1327871518699
2457521.0294328704 -500.4388744597753
2457521.0294444445 -509.73273960576375
2457521.0294560185 -519.0141692931603
2457521.0294675925 -528.282951405027
2457521.0294791665 -537.560688518856
2457521.029490741 -546.7821042424772
2457521.029502315 -556.0116863696668
2457521.029513889 -565.2277882826837
2457521.029525463 -574.430205523022
2457521.029537037 -583.6187353932544
2457521.029548611 -592.7931767278169
2457521.029560185 -601.953330161202
2457521.029571759 -611.1237680227542
2457521.0295833335 -620.2303501828217
2457521.0295949075 -629.3464583975699
2457521.0296064815 -638.4474970771123
2457521.0296180556 -647.533275271779
2457521.0296296296 -656.6036032537144
2457521.0296412036 -665.65829346142
2457521.0296527776 -674.7244870003232
2457521.029664352 -683.7203813668457
2457521.029675926 -692.7270489901395
2457521.0296875 -701.7173456286314
2457521.029699074 -710.6910923935586
2457521.029710648 -719.648112407712
2457521.029722222 -728.5882303131224
2457521.029733796 -737.5112727844136
2457521.02974537 -746.4472780769001
2457521.0297569446 -755.3058043623406
2457521.0297685186 -764.1765981018806
2457521.0297800926 -773.029641392045
2457521.0297916667 -781.8647702075997
2457521.0298032407 -790.6818223357682
2457521.0298148147 -799.4806376406598
2457521.0298263887 -808.2937530573452
2457521.029837963 -817.0232779983537
2457521.029849537 -825.7664392060801
2457521.029861111 -834.490741466536
2457521.029872685 -843.1960342562359
2457521.029884259 -851.8821686761302
2457521.029895833 -860.5489979902038
2457521.0299074072 -869.1963773333661
2457521.0299189813 -877.859654867133
2457521.0299305557 -886.4325624502159
2457521.0299421297 -895.0207414128541
2457521.0299537037 -903.588910689248
2457521.0299652778 -912.1369350240547
2457521.029976852 -920.6646813821042
2457521.029988426 -929.1720186133241
2457521.03 -937.6967131541957
2457521.0300115743 -946.1252913221559
2457521.0300231483 -954.570633347336
2457521.0300347223 -962.995061473919
2457521.0300462963 -971.3984544308812
2457521.0300578703 -979.7806928307454
2457521.0300694443 -988.1416596357641
2457521.0300810183 -996.5214984754441
2457521.030092593 -1004.7996525084998
2457521.030104167 -1013.0961187153822
2457521.030115741 -1021.3708636396252
2457521.030127315 -1029.6237796461603
2457521.030138889 -1037.8547612436869
2457521.030150463 -1046.063704933855
2457521.030162037 -1054.2505088934647
2457521.030173611 -1062.457982157541
2457521.0301851854 -1070.557628711508
2457521.0301967594 -1078.6774229299565
2457521.0302083334 -1086.774690406906
2457521.0302199074 -1094.8493395109117
2457521.0302314814 -1102.9012800713017
2457521.0302430554 -1110.9304240133363
2457521.0302546294 -1118.981864702948
2457521.030266204 -1126.9203003225193
2457521.030277778 -1134.880544437312
2457521.030289352 -1142.817658749755
2457521.030300926 -1150.7315646989618
2457521.0303125 -1158.6221857380376
2457521.030324074 -1166.4894469310123
2457521.030335648 -1174.3332753762802
2457521.030347222 -1182.2013190007733
2457521.0303587965 -1189.950664703491
2457521.0303703705 -1197.7237749325016
2457521.0303819445 -1205.473178937723
2457521.0303935185 -1213.1988133108086
2457521.0304050925 -1220.9006158889224
2457521.0304166665 -1228.5785267783444
2457521.0304282405 -1236.282378797992
2457521.030439815 -1243.8627477416533
2457521.030451389 -1251.4686392617614
2457521.030462963 -1259.0504162390207
2457521.030474537 -1266.6080274652918
2457521.030486111 -1274.1414233752516
2457521.030497685 -1281.6505563234457
2457521.030509259 -1289.1873966375347
2457521.0305208336 -1296.596150047397
2457521.0305324076 -1304.032223304619
2457521.0305439816 -1311.4438593717919
2457521.0305555556 -1318.8310191333526
2457521.0305671296 -1326.1936648707301
2457521.0305787036 -1333.531760477387
2457521.0305902776 -1340.8452718554609
2457521.0306018516 -1348.1885523510166
2457521.030613426 -1355.3987040615652
2457521.030625 -1362.638271467816
2457521.030636574 -1369.8531332984971
2457521.030648148 -1377.043263294228
2457521.030659722 -1384.2086365204234
2457521.030671296 -1391.3492299284821
2457521.03068287 -1398.521429447973
2457521.0306944447 -1405.5562764991219
2457521.0307060187 -1412.6224051079228
2457521.0307175927 -1419.6636761110524
2457521.0307291667 -1426.680074018682
2457521.0307407407 -1433.6715843287127
2457521.0307523147 -1440.6381946400688
2457521.0307638887 -1447.5798933132885
2457521.0307754627 -1454.5553288617893
2457521.030787037 -1461.388795190421
2457521.030798611 -1468.2557049258473
2457521.0308101852 -1475.0976722498858
2457521.0308217593 -1481.914692680557
2457521.0308333333 -1488.706763471269
2457521.0308449073 -1495.473882897042
2457521.0308564813 -1502.2766252375939
2457521.0308680558 -1508.9335378141006
2457521.03087963 -1515.6258060617322
2457521.030891204 -1522.2931297869852
2457521.030902778 -1528.935513949315
2457521.030914352 -1535.5529647490382
2457521.030925926 -1542.145489579938
2457521.0309375 -1548.7130972456346
2457521.030949074 -1555.3185019325974
2457521.0309606483 -1561.7738631976151
2457521.0309722223 -1568.2667821701252
2457521.0309837963 -1574.7348305611908
2457521.0309953704 -1581.1780231548346
2457521.0310069444 -1587.5963754163022
2457521.0310185184 -1593.989904531168
2457521.0310300924 -1600.4231439397324
2457521.031041667 -1606.7028207911067
2457521.031053241 -1613.0219915520809
2457521.031064815 -1619.3164176274586
2457521.031076389 -1625.5861214847212
2457521.031087963 -1631.8311263877324
2457521.031099537 -1638.0514568077758
2457521.031111111 -1644.313416056368
2457521.0311226854 -1650.4184447005207
2457521.0311342594 -1656.564907375179
2457521.0311458334 -1662.6868032657196
2457521.0311574074 -1668.784161810411
2457521.0311689815 -1674.8570133123374
2457521.0311805555 -1680.9053890149173
2457521.0311921295 -1686.9293212323455
2457521.0312037035 -1692.9970754862659
2457521.031215278 -1698.9042280301946
2457521.031226852 -1704.855030638382
2457521.031238426 -1710.7815273162166
2457521.03125 -1716.6837548107087
2457521.031261574 -1722.5617504032605
2457521.031273148 -1728.4155524039718
2457521.031284722 -1734.315091346458
2457521.0312962965 -1740.0509657926834
2457521.0313078705 -1745.8324237936747
2457521.0313194445 -1751.5898490956788
2457521.0313310185 -1757.3232841836061
2457521.0313425926 -1763.0327718559588
2457521.0313541666 -1768.7183558316428
2457521.0313657406 -1774.3800804850957
2457521.0313773146 -1780.0897202453525
2457521.031388889 -1785.6323586328779
2457521.031400463 -1791.222778020818
2457521.031412037 -1796.7895227470738
2457521.031423611 -1802.3326406143387
2457521.031435185 -1807.852180217926
2457521.031446759 -1813.348190537607
2457521.031458333 -1818.894008539202
2457521.0314699076 -1824.2700420234253
2457521.0314814816 -1829.6957646921478
2457521.0314930556 -1835.0981608410527
2457521.0315046296 -1840.47728246669
2457521.0315162037 -1845.8331824264378
2457521.0315277777 -1851.1659137134332
2457521.0315393517 -1856.550329079094
2457521.031550926 -1861.7622988297749
2457521.0315625 -1867.0258485504175
2457521.031574074 -1872.2664480812164
2457521.031585648 -1877.4841531231427
2457521.031597222 -1882.6790202448615
2457521.031608796 -1887.8511060540166
2457521.03162037 -1893.0004679843096
2457521.0316319442 -1898.2036345312579
2457521.0316435187 -1903.231456117527
2457521.0316550927 -1908.3129933999412
2457521.0316666667 -1913.3720402061833
2457521.0316782407 -1918.4086561077438
2457521.0316898148 -1923.4229008373381
2457521.031701389 -1928.414834689757
2457521.031712963 -1933.4624044720188
2457521.0317245373 -1938.3322111271536
2457521.0317361113 -1943.2575766540972
2457521.0317476853 -1948.1608759363085
2457521.0317592593 -1953.0421710639841
2457521.0317708333 -1957.901524416772
2457521.0317824073 -1962.7389986930073
2457521.0317939813 -1967.5546570467966
2457521.0318055553 -1972.4280128973148
2457521.03181713 -1977.120970696108
2457521.031828704 -1981.8715612629178
2457521.031840278 -1986.6005907735573
2457521.031851852 -1991.308123946995
2457521.031863426 -1995.994225308198
2457521.031875 -2000.6589600026737
2457521.031886574 -2005.3831663577228
2457521.0318981484 -2009.9247757681333
2457521.0319097224 -2014.5258017248032
2457521.0319212964 -2019.105723186884
2457521.0319328704 -2023.664606443742
2457521.0319444444 -2028.2025176853076
2457521.0319560184 -2032.7195235236188
2457521.0319675924 -2037.2156906012783
2457521.0319791664 -2041.7733198097212
2457521.031990741 -2046.1459554184999
2457521.032002315 -2050.5800076329
2457521.032013889 -2054.9934898608367
2457521.032025463 -2059.386469485486
2457521.032037037 -2063.7590143508887
2457521.032048611 -2068.1111921593497
2457521.032060185 -2072.526539134832
2457521.0320717595 -2076.7548918006296
2457521.0320833335 -2081.046375996819
2457521.0320949075 -2085.3177658503146
2457521.0321064815 -2089.5691295730085
2457521.0321180555 -2093.80053575018
2457521.0321296295 -2098.012053125235
2457521.0321412035 -2102.288412864135
2457521.032152778 -2106.375863155751
2457521.032164352 -2110.5281252505656
2457521.032175926 -2114.6607736933893
2457521.0321875 -2118.773877230506
2457521.032199074 -2122.8675049676344
2457521.032210648 -2126.9417260490286
2457521.032222222 -2130.996609418297
2457521.032233796 -2135.118204820541
2457521.0322453706 -2139.048801109758
2457521.0322569446 -2143.0460856644786
2457521.0322685186 -2147.024309374649
2457521.0322800926 -2150.9835414026834
2457521.0322916666 -2154.9238507792247
2457521.0323032406 -2158.845307000211
2457521.0323148146 -2162.8350720161616
2457521.032326389 -2166.632092383617
2457521.032337963 -2170.497403381371
2457521.032349537 -2174.344137946752
2457521.032361111 -2178.1723654007424
2457521.032372685 -2181.982154671446
2457521.032384259 -2185.7735750063207
2457521.032395833 -2189.546695535667
2457521.032407407 -2193.3899043805836
2457521.0324189817 -2197.038463056019
2457521.0324305557 -2200.757097332136
2457521.0324421297 -2204.4577076192345
2457521.0324537037 -2208.1403628553862
2457521.0324652777 -2211.805131747454
2457521.0324768517 -2215.4520830328643
2457521.0324884257 -2219.1706392127257
2457521.0325 -2222.692952232865
2457521.032511574 -2226.2868616603073
2457521.032523148 -2229.8632276082767
2457521.0325347222 -2233.422118463179
2457521.0325462963 -2236.9636024408924
2457521.0325578703 -2240.4877478038043
2457521.0325694443 -2244.084976272811
2457521.0325810187 -2247.4844346681725
2457521.0325925928 -2250.956971297874
2457521.032604167 -2254.412440911509
2457521.032615741 -2257.8509112390643
2457521.032627315 -2261.2724497620457
2457521.032638889 -2264.677123924753
2457521.032650463 -2268.0650010698328
2457521.032662037 -2271.5276034429476
2457521.0326736113 -2274.790767616445
2457521.0326851853 -2278.12865565044
2457521.0326967593 -2281.450014832193
2457521.0327083333 -2284.7549116966757
2457521.0327199074 -2288.0434128563693
2457521.0327314814 -2291.3155847257676
2457521.0327430554 -2294.663877154976
2457521.03275463 -2297.8113356426416
2457521.032766204 -2301.0349161776876
2457521.032777778 -2304.2424317104396
2457521.032789352 -2307.4339479730634
2457521.032800926 -2310.6095304795795
2457521.0328125 -2313.7692447338254
2457521.032824074 -2316.9131558602685
2457521.032835648 -2320.1347348758436
